Jordan 64 16 1 1059.7121715545654
Jordan 64 16 2 546.8297004699707
Jordan 64 16 3 601.1762619018555
Jordan 64 16 4 609.2424392700195
Jordan 64 16 5 545.0289249420166
Jordan 64 16 6 678.5755157470703
Jordan 64 16 7 445.6057548522949
Jordan 512 32 0 515.1290893554688
Jordan 512 32 1 1094.1736698150635
Jordan 512 32 2 764.5940780639648
Jordan 512 32 3 569.1680908203125
Jordan 512 32 4 625.1659393310547
Jordan 512 32 5 771.7325687408447
Jordan 512 32 6 616.7612075805664
Jordan 512 32 7 749.2761611938477
Jordan 256 8 0 688.7505054473877
Jordan 256 8 1 975.7099151611328
Jordan 256 8 2 850.4524230957031
Jordan 256 8 3 1515.624761581421
Jordan 256 8 4 873.9161491394043
Jordan 256 8 5 789.8998260498047
Jordan 256 8 6 789.4101142883301
Jordan 256 8 7 1936.4867210388184
Jordan 128 16 0 780.6487083435059
Jordan 128 16 1 730.9651374816895
Jordan 128 16 2 635.237455368042
Jordan 128 16 3 482.93423652648926
Jordan 128 16 4 501.07741355895996
Jordan 128 16 5 420.8660125732422
Jordan 128 16 6 419.7840690612793
Jordan 128 16 7 585.0632190704346
Jordan 64 32 0 852.4091243743896
Jordan 64 32 1 566.4522647857666
Jordan 64 32 2 362.0781898498535
Jordan 64 32 3 365.19908905029297
Jordan 64 32 4 349.26319122314453
Jordan 64 32 5 343.6932563781738
Jordan 64 32 6 326.29966735839844
Jordan 64 32 7 302.6423454284668
Jordan 128 32 0 264.70255851745605
Jordan 128 32 1 759.3436241149902
Jordan 128 32 2 1601.5269756317139
Jordan 128 32 3 522.8855609893799
Jordan 128 32 4 662.4505519866943
Jordan 128 32 5 411.94629669189453
Jordan 128 32 6 428.3909797668457
Jordan 128 32 7 341.3214683532715
Jordan 512 8 0 423.1703281402588
Jordan 512 8 1 1048.4416484832764
Jordan 512 8 2 936.267614364624
Jordan 512 8 3 969.2635536193848
Jordan 512 8 4 899.3444442749023
Jordan 512 8 5 919.9461936950684
Jordan 512 8 6 835.1428508758545
Jordan 512 8 7 946.4192390441895
Jordan 512 16 0 799.3819713592529
Jordan 512 16 1 990.6046390533447
Jordan 512 16 2 976.6383171081543
Jordan 512 16 3 725.571870803833
Jordan 512 16 4 686.0101222991943
Jordan 512 16 5 734.6794605255127
Jordan 512 16 6 999.9849796295166
Jordan 512 16 7 921.7333793640137
Jordan 256 16 0 968.7767028808594
Jordan 256 16 1 788.2087230682373
Jordan 256 16 2 719.6569442749023
Jordan 256 16 3 725.0995635986328
Jordan 256 16 4 710.4344367980957
Jordan 256 16 5 686.5808963775635
Jordan 256 16 6 670.769214630127
Jordan 256 16 7 780.5883884429932
Jordan 256 32 0 539.5121574401855
Jordan 256 32 1 591.7046070098877
Jordan 256 32 2 571.1266994476318
Jordan 256 32 3 654.5720100402832
Jordan 256 32 4 694.6086883544922
Jordan 256 32 5 461.1845016479492
Jordan 256 32 6 617.2711849212646
Jordan 256 32 7 450.4423141479492
Jordan 64 8 0 618.2982921600342
Jordan 64 8 1 670.8753108978271
Jordan 64 8 2 654.3357372283936
Jordan 64 8 3 591.8903350830078
Jordan 64 8 4 570.5382823944092
Jordan 64 8 5 567.2848224639893
Jordan 64 8 6 744.147777557373
Jordan 64 8 7 623.1608390808105
Jordan 128 8 0 680.1440715789795
Jordan 128 8 1 623.5449314117432
Jordan 128 8 2 600.3339290618896
Jordan 128 8 3 759.5405578613281
Jordan 128 8 4 747.3816871643066
Jordan 128 8 5 891.9355869293213
Jordan 128 8 6 630.3284168243408
Jordan 128 8 7 702.9364109039307
Jordan 512 16 0 1415.3997898101807
Jordan 512 16 1 1225.3367900848389
Jordan 512 16 2 915.0457382202148
Jordan 512 16 3 1257.3587894439697
Jordan 512 16 4 882.7087879180908
Jordan 512 16 5 772.1376419067383
Jordan 512 16 6 591.9957160949707
Jordan 512 16 7 1086.118459701538
Jordan 128 8 0 743.6399459838867
Jordan 128 8 1 832.5302600860596
Jordan 128 8 2 546.9987392425537
Jordan 128 8 3 725.1152992248535
Jordan 128 8 4 587.5339508056641
Jordan 128 8 5 825.4377841949463
Jordan 128 8 6 806.2124252319336
Jordan 128 8 7 757.7683925628662
Jordan 128 32 0 615.9820556640625
Jordan 128 32 1 561.5870952606201
Jordan 128 32 2 435.33992767333984
Jordan 128 32 3 569.3764686584473
Jordan 128 32 4 577.9492855072021
Jordan 128 32 5 442.6290988922119
Jordan 128 32 6 446.77281379699707
Jordan 128 32 7 616.3718700408936
Jordan 256 32 0 476.8717288970947
Jordan 256 32 1 700.5493640899658
Jordan 256 32 2 546.8509197235107
Jordan 256 32 3 554.1129112243652
Jordan 256 32 4 1655.0898551940918
Jordan 256 32 5 718.8403606414795
Jordan 256 32 6 506.9901943206787
Jordan 256 32 7 540.562629699707
Jordan 64 8 0 476.0861396789551
Jordan 64 8 1 686.7151260375977
Jordan 64 8 2 747.549295425415
Jordan 64 8 3 734.4205379486084
Jordan 64 8 4 655.4515361785889
Jordan 64 8 5 1022.2396850585938
Jordan 64 8 6 663.9995574951172
Jordan 64 8 7 524.6384143829346
Jordan 64 32 0 1609.15207862854
Jordan 64 32 1 702.8090953826904
Jordan 64 32 2 386.9807720184326
Jordan 64 32 3 424.9305725097656
Jordan 64 32 4 339.5342826843262
Jordan 64 32 5 446.32744789123535
Jordan 64 32 6 373.32963943481445
Jordan 64 32 7 343.7168598175049
Jordan 256 8 0 314.73302841186523
Jordan 256 8 1 1583.5719108581543
Jordan 256 8 2 851.891279220581
Jordan 256 8 3 708.6563110351562
Jordan 256 8 4 859.9016666412354
Jordan 256 8 5 875.659704208374
Jordan 256 8 6 702.2688388824463
Jordan 256 8 7 989.9082183837891
Jordan 512 8 0 923.431396484375
Jordan 512 8 1 967.0183658599854
Jordan 512 8 2 633.2249641418457
Jordan 512 8 3 726.7594337463379
Jordan 512 8 4 872.2426891326904
Jordan 512 8 5 947.5061893463135
Jordan 512 8 6 810.7376098632812
Jordan 512 8 7 1656.771183013916
Jordan 512 32 0 837.8598690032959
Jordan 512 32 1 756.4785480499268
Jordan 512 32 2 575.857400894165
Jordan 512 32 3 680.1154613494873
Jordan 512 32 4 821.7885494232178
Jordan 512 32 5 677.8964996337891
Jordan 512 32 6 623.9948272705078
Jordan 512 32 7 545.5789566040039
Jordan 128 16 0 742.9392337799072
Jordan 128 16 1 961.0259532928467
Jordan 128 16 2 764.9924755096436
Jordan 128 16 3 789.0200614929199
Jordan 128 16 4 622.4722862243652
Jordan 128 16 5 554.0080070495605
Jordan 128 16 6 551.7482757568359
Jordan 128 16 7 752.5074481964111
Jordan 256 16 0 790.0199890136719
Jordan 256 16 1 505.7802200317383
Jordan 256 16 2 802.9685020446777
Jordan 256 16 3 719.8326587677002
Jordan 256 16 4 709.4392776489258
Jordan 256 16 5 732.5658798217773
Jordan 256 16 6 677.7265071868896
Jordan 256 16 7 734.9872589111328
Jordan 64 16 0 601.2992858886719
Jordan 64 16 1 812.6099109649658
Jordan 64 16 2 560.5220794677734
Jordan 64 16 3 451.4496326446533
Jordan 64 16 4 524.6517658233643
Jordan 64 16 5 349.15876388549805
Jordan 64 16 6 367.51651763916016
Jordan 64 16 7 725.4955768585205
Jordan 512 8 0 368.58081817626953
Jordan 512 8 1 991.5549755096436
Jordan 512 8 2 888.9114856719971
Jordan 512 8 3 780.2014350891113
Jordan 512 8 4 1086.1685276031494
Jordan 512 8 5 1053.32350730896
Jordan 512 8 6 999.8180866241455
Jordan 512 8 7 1156.7678451538086
Jordan 256 32 0 945.610761642456
Jordan 256 32 1 944.3132877349854
Jordan 256 32 2 584.6259593963623
Jordan 256 32 3 490.6468391418457
Jordan 256 32 4 508.97932052612305
Jordan 256 32 5 648.8714218139648
Jordan 256 32 6 507.39574432373047
Jordan 256 32 7 560.866117477417
Jordan 512 32 0 1156.8527221679688
Jordan 512 32 1 796.3783740997314
Jordan 512 32 2 842.0724868774414
Jordan 512 32 3 843.4853553771973
Jordan 512 32 4 678.9534091949463
Jordan 512 32 5 1039.1030311584473
Jordan 512 32 6 585.1943492889404
Jordan 512 32 7 570.253849029541
Jordan 128 16 0 664.4778251647949
Jordan 128 16 1 779.9241542816162
Jordan 128 16 2 773.5543251037598
Jordan 128 16 3 912.8334522247314
Jordan 128 16 4 859.0044975280762
Jordan 128 16 5 804.8648834228516
Jordan 128 16 6 694.4301128387451
Jordan 128 16 7 523.41628074646
Jordan 256 8 0 1046.5161800384521
Jordan 256 8 1 858.9732646942139
Jordan 256 8 2 772.4502086639404
Jordan 256 8 3 1007.4741840362549
Jordan 256 8 4 1023.1332778930664
Jordan 256 8 5 632.648229598999
Jordan 256 8 6 1529.0162563323975
Jordan 256 8 7 1103.2164096832275
Jordan 256 16 0 1233.837366104126
Jordan 256 16 1 741.0106658935547
Jordan 256 16 2 906.5771102905273
Jordan 256 16 3 756.9561004638672
Jordan 256 16 4 992.4266338348389
Jordan 256 16 5 788.1731986999512
Jordan 256 16 6 584.0730667114258
Jordan 256 16 7 773.1361389160156
Jordan 64 32 0 619.2426681518555
Jordan 64 32 1 560.9726905822754
Jordan 64 32 2 456.86888694763184
Jordan 64 32 3 486.6318702697754
Jordan 64 32 4 436.90943717956543
Jordan 64 32 5 335.3140354156494
Jordan 64 32 6 443.3586597442627
Jordan 64 32 7 344.1457748413086
Jordan 64 16 0 1173.715591430664
Jordan 64 16 1 850.059986114502
Jordan 64 16 2 789.0076637268066
Jordan 64 16 3 515.6254768371582
Jordan 64 16 4 452.3892402648926
Jordan 64 16 5 442.4173831939697
Jordan 64 16 6 524.7318744659424
Jordan 64 16 7 694.7815418243408
Jordan 512 16 0 485.8582019805908
Jordan 512 16 1 1084.000587463379
Jordan 512 16 2 1022.1841335296631
Jordan 512 16 3 1078.4640312194824
Jordan 512 16 4 860.3639602661133
Jordan 512 16 5 741.1091327667236
Jordan 512 16 6 1262.1722221374512
Jordan 512 16 7 900.3863334655762
Jordan 128 8 0 826.9679546356201
Jordan 128 8 1 1086.5252017974854
Jordan 128 8 2 804.5632839202881
Jordan 128 8 3 685.0712299346924
Jordan 128 8 4 711.8847370147705
Jordan 128 8 5 693.0925846099854
Jordan 128 8 6 538.7089252471924
Jordan 128 8 7 825.9456157684326
Jordan 128 32 0 1726.3939380645752
Jordan 128 32 1 460.7086181640625
Jordan 128 32 2 443.30906867980957
Jordan 128 32 3 375.4005432128906
Jordan 128 32 4 655.3616523742676
Jordan 128 32 5 470.1211452484131
Jordan 128 32 6 576.9402980804443
Jordan 128 32 7 390.72394371032715
Jordan 64 8 0 435.75549125671387
Jordan 64 8 1 499.04942512512207
Jordan 64 8 2 1014.5962238311768
Jordan 64 8 3 655.0102233886719
Jordan 64 8 4 1293.5807704925537
Jordan 64 8 5 488.03091049194336
Jordan 64 8 6 594.9773788452148
Jordan 64 8 7 781.4321517944336
Jordan 64 8 0 538.2969379425049
Jordan 64 8 1 786.8516445159912
Jordan 64 8 2 758.620023727417
Jordan 64 8 3 869.3943023681641
Jordan 64 8 4 861.9389533996582
Jordan 64 8 5 735.1670265197754
Jordan 64 8 6 1116.6813373565674
Jordan 64 8 7 764.8656368255615
Jordan 128 32 0 727.1909713745117
Jordan 128 32 1 449.07379150390625
Jordan 128 32 2 555.7565689086914
Jordan 128 32 3 604.0081977844238
Jordan 128 32 4 549.3781566619873
Jordan 128 32 5 477.24127769470215
Jordan 128 32 6 563.420295715332
Jordan 128 32 7 536.982536315918
Jordan 128 8 0 436.3853931427002
Jordan 128 8 1 814.1546249389648
Jordan 128 8 2 647.0699310302734
Jordan 128 8 3 837.2783660888672
Jordan 128 8 4 883.129358291626
Jordan 128 8 5 1655.4551124572754
Jordan 128 8 6 701.1003494262695
Jordan 128 8 7 749.1602897644043
Jordan 128 16 0 736.3309860229492
Jordan 128 16 1 718.0993556976318
Jordan 128 16 2 578.8800716400146
Jordan 128 16 3 677.9420375823975
Jordan 128 16 4 686.1634254455566
Jordan 128 16 5 717.7562713623047
Jordan 128 16 6 499.1598129272461
Jordan 128 16 7 494.0762519836426
Jordan 64 32 0 516.007661819458
Jordan 64 32 1 395.83635330200195
Jordan 64 32 2 389.7397518157959
Jordan 64 32 3 718.0647850036621
Jordan 64 32 4 288.8140678405762
Jordan 64 32 5 317.960262298584
Jordan 64 32 6 296.85115814208984
Jordan 64 32 7 352.3366451263428
Jordan 256 16 0 307.15274810791016
Jordan 256 16 1 667.8917407989502
Jordan 256 16 2 648.3960151672363
Jordan 256 16 3 898.4889984130859
Jordan 256 16 4 2890.0699615478516
Jordan 256 16 5 921.5354919433594
Jordan 256 16 6 624.4704723358154
Jordan 256 16 7 1493.2730197906494
Jordan 64 16 0 592.2539234161377
Jordan 64 16 1 726.3834476470947
Jordan 64 16 2 596.0080623626709
Jordan 64 16 3 589.4181728363037
Jordan 64 16 4 445.2400207519531
Jordan 64 16 5 406.22615814208984
Jordan 64 16 6 523.1106281280518
Jordan 64 16 7 608.619213104248
Jordan 512 32 0 523.0138301849365
Jordan 512 32 1 1390.181303024292
Jordan 512 32 2 790.7886505126953
Jordan 512 32 3 620.9897994995117
Jordan 512 32 4 689.4564628601074
Jordan 512 32 5 662.482500076294
Jordan 512 32 6 608.7584495544434
Jordan 512 32 7 717.5309658050537
Jordan 256 32 0 649.4929790496826
Jordan 256 32 1 849.8072624206543
Jordan 256 32 2 499.3925094604492
Jordan 256 32 3 569.5269107818604
Jordan 256 32 4 515.7778263092041
Jordan 256 32 5 657.0732593536377
Jordan 256 32 6 514.9695873260498
Jordan 256 32 7 586.5857601165771
Jordan 256 8 0 669.5809364318848
Jordan 256 8 1 951.6122341156006
Jordan 256 8 2 1007.5697898864746
Jordan 256 8 3 1518.1069374084473
Jordan 256 8 4 779.0267467498779
Jordan 256 8 5 837.4679088592529
Jordan 256 8 6 802.5321960449219
Jordan 256 8 7 633.4190368652344
Jordan 512 16 0 780.1847457885742
Jordan 512 16 1 881.195068359375
Jordan 512 16 2 709.9761962890625
Jordan 512 16 3 710.9146118164062
Jordan 512 16 4 773.2326984405518
Jordan 512 16 5 874.1679191589355
Jordan 512 16 6 937.4828338623047
Jordan 512 16 7 756.3366889953613
Jordan 512 8 0 751.4939308166504
Jordan 512 8 1 831.8510055541992
Jordan 512 8 2 1039.635419845581
Jordan 512 8 3 1492.058277130127
Jordan 512 8 4 935.6818199157715
Jordan 512 8 5 1141.3710117340088
Jordan 512 8 6 964.1871452331543
Jordan 512 8 7 850.2099514007568
Jordan 512 8 0 880.7270526885986
Jordan 512 8 1 1414.4883155822754
Jordan 512 8 2 2367.9728507995605
Jordan 512 8 3 1381.000280380249
Jordan 512 8 4 1040.600299835205
Jordan 512 8 5 1056.6432476043701
Jordan 512 8 6 1202.500581741333
Jordan 512 8 7 873.6231327056885
Jordan 256 32 0 1337.4249935150146
Jordan 256 32 1 888.4446620941162
Jordan 256 32 2 554.7997951507568
Jordan 256 32 3 419.9109077453613
Jordan 256 32 4 516.4666175842285
Jordan 256 32 5 412.0166301727295
Jordan 256 32 6 609.7815036773682
Jordan 256 32 7 530.580997467041
Jordan 256 8 0 490.1156425476074
Jordan 256 8 1 625.5147457122803
Jordan 256 8 2 969.6524143218994
Jordan 256 8 3 709.3150615692139
Jordan 256 8 4 1689.6615028381348
Jordan 256 8 5 958.6906433105469
Jordan 256 8 6 882.2834491729736
Jordan 256 8 7 891.1240100860596
Jordan 64 8 0 545.4561710357666
Jordan 64 8 1 742.2177791595459
Jordan 64 8 2 505.8786869049072
Jordan 64 8 3 1672.2750663757324
Jordan 64 8 4 759.002685546875
Jordan 64 8 5 459.8548412322998
Jordan 64 8 6 602.9279232025146
Jordan 64 8 7 398.06461334228516
Jordan 128 8 0 476.46093368530273
Jordan 128 8 1 576.3859748840332
Jordan 128 8 2 947.7763175964355
Jordan 128 8 3 646.0249423980713
Jordan 128 8 4 953.0587196350098
Jordan 128 8 5 407.00721740722656
Jordan 128 8 6 810.4448318481445
Jordan 128 8 7 781.4643383026123
Jordan 128 16 0 576.3192176818848
Jordan 128 16 1 428.2956123352051
Jordan 128 16 2 562.9932880401611
Jordan 128 16 3 1053.0650615692139
Jordan 128 16 4 1181.3087463378906
Jordan 128 16 5 489.55845832824707
Jordan 128 16 6 568.3450698852539
Jordan 128 16 7 522.7248668670654
Jordan 512 32 0 1054.9187660217285
